0.000103583
0.000231802
0.000410975
0.000641102
0.000922182
0.00125422
0.0016372
0.00207115
0.00255604
0.00309189
0.00367869
0.00431645
0.00500516
0.00574483
0.00653544
0.00737702
0.00826954
0.00921302
0.0102075
0.0112528
0.0123492
0.0134965
0.0146947
0.0159439
0.0172441
0.0185952
0.0199973
0.0214503
0.0229542
0.0245092
0.0261151
0.0277719
0.0294797
0.0312384
0.0330481
0.0349088
0.0368204
0.0387829
0.0407964
0.0428609
0.0449763
0.0471427
0.04936
0.0516283
0.0539475
0.0563177
0.0587388
0.0612109
0.063734
0.066308
0.0689329
0.0716088
0.0743357
0.0771135
0.0799423
0.082822
0.0857527
0.0887343
0.0917669
0.0948504
0.0979849
0.10117
0.104407
0.107694
0.111032
0.114422
0.117862
0.121353
0.124895
0.128488
0.132132
0.135827
0.139573
0.14337
0.147218
0.151117
0.155067
0.159067
0.163119
0.167222
0.171375
0.17558
0.179835
0.184142
0.188499
0.192907
0.197367
0.201877
0.206438
0.21105
0.215713
0.220427
0.225192
0.230008
0.234875
0.239793
0.244762
0.249782
0.254852
0.259974
0.265147
0.27037
0.275645
0.28097
0.286347
0.291774
0.297253
0.302782
0.308362
0.313993
0.319676
0.325409
0.331193
0.337028
0.342914
0.348851
0.354839
0.360878
0.366967
0.373108
0.3793
0.385543
0.391836
0.398181
0.404576
0.411023
0.41752
0.424069
0.430668
0.437318
0.44402
0.450772
0.457575
0.464429
0.471334
0.47829
0.485297
0.492355
0.499464
0.506624
0.513835
0.521096
0.528409
0.535773
0.543187
0.550653
0.558169
0.565737
0.573355
0.581025
0.588745
0.596516
0.604339
0.612212
0.620136
0.628111
0.636137
0.644214
0.652342
0.660521
0.668751
0.677032
0.685363
0.693746
0.70218
0.710664
0.7192
0.727787
0.736424
0.745113
0.753852
0.762642
0.771484
0.780376
0.789319
0.798313
0.807358
0.816455
0.825602
0.8348
0.844049
0.853348
0.862699
0.872101
0.881554
0.891058
0.900612
0.910218
0.919874
0.929582
0.93934
0.94915
0.95901
0.968922
0.978884
0.988897
0.998961
1.00908
1.01924
1.02946
1.03973
1.05005
1.06042
1.07084
1.08131
1.09183
1.10241
1.11303
1.12371
1.13443
1.14521
1.15604
1.16692
1.17785
1.18883
1.19986
1.21095
1.22208
1.23327
1.2445
1.25579
1.26713
1.27852
1.28996
1.30145
1.31299
1.32458
1.33622
1.34792
1.35967
1.37146
1.38331
1.39521
1.40716
1.41916
1.43121
1.44331
1.45547
1.46767
1.47992
1.49223
1.50459
1.517
1.52946
1.54197
1.55453
1.56714
1.5798
1.59251
1.60528
1.6181
1.63096
1.64388
1.65685
1.66987
1.68294
1.69606
1.70923
1.72246
1.73573
1.74905
1.76243
1.77586
1.78934
1.80287
1.81645
1.83008
1.84376
1.85749
1.87127
1.88511
1.899
1.91293
1.92692
1.94096
1.95505
1.96919
1.98338
1.99762
2.01192
2.02626
2.04066
2.0551
2.0696
2.08415
2.09875
2.1134
2.1281
2.14285
2.15765
2.17251
2.18741
2.20237
2.21737
2.23243
2.24754
2.2627
2.27791
2.29317
2.30848
2.32385
2.33926
2.35473
2.37024
2.38581
2.40143
2.4171
2.43282
2.44859
2.46441
2.48028
2.49621
2.51218
2.52821
2.54428
2.56041
2.57659
2.59282
2.6091
2.62543
2.64182
2.65825
2.67473
2.69127
2.70785
2.72449
2.74118
2.75792
2.77471
2.79155
2.80844
2.82539
2.84238
2.85942
2.87652
2.89367
2.91086
2.92811
2.94541
2.96276
2.98016
2.99762
3.01512
3.03268
3.05028
3.06794
3.08564
3.1034
3.12121
3.13907
3.15698
3.17494
3.19296
3.21102
3.22914
3.2473
3.26552
3.28379
3.30211
3.32048
3.3389
3.35737
3.37589
3.39446
3.41309
3.43176
3.45049
3.46927
3.4881
3.50697
3.52591
3.54489
3.56392
3.583
3.60214
3.62132
3.64056
3.65984
3.67918
3.69857
3.71801
3.7375
3.75704
3.77663
3.79628
3.81597
3.83572
3.85551
3.87536
3.89526
3.91521
3.93521
3.95526
3.97536
3.99552
4.01572
4.03597
4.05628
4.07664
4.09704
4.1175
4.13801
4.15857
4.17919
4.19985
4.22056
4.24133
4.26214
4.28301
4.30393
4.32489
4.34591
4.36698
4.3881
4.40928
4.4305
4.45177
4.4731
4.49447
4.5159
4.53738
4.55891
4.58049
4.60212
4.6238
4.64553
4.66732
4.68915
4.71104
4.73297
4.75496
4.777
4.79909
4.82123
4.84342
4.86566
4.88795
4.9103
4.93269
4.95514
4.97764
5.00018
5.02278
5.04543
5.06813
5.09089
5.11369
5.13654
5.15945
5.1824
5.20541
5.22847
5.25157
5.27473
5.29794
5.32121
5.34452
5.36788
5.39129
5.41476
5.43828
5.46184
5.48546
5.50913
5.53285
5.55662
5.58044
5.60431
5.62824
5.65221
5.67624
5.70031
5.72444
5.74862
5.77285
5.79713
5.82146
5.84584
5.87028
5.89476
5.9193
5.94388
5.96852
5.99321
6.01795
6.04274
6.06758
6.09247
6.11741
6.14241
6.16745
6.19255
6.21769
6.24289
6.26814
6.29344
6.31879
6.34419
6.36964
6.39514
6.4207
6.4463
6.47196
6.49767
6.52342
6.54923
6.57509
6.601
6.62697
6.65298
6.67904
6.70516
6.73132
6.75754
6.78381
6.81013
6.83649
6.86292
6.88939
6.91591
6.94248
6.96911
6.99578
7.02251
7.04928
7.07611
7.10299
7.12992
7.1569
7.18393
7.21102
7.23815
7.26534
7.29257
7.31986
7.34719
7.37458
7.40202
7.42951
7.45705
7.48465
7.51229
7.53998
7.56773
7.59553
7.62337
7.65127
7.67922
7.70722
7.73527
7.76337
7.79153
7.81973
7.84798
7.87629
7.90465
7.93305
7.96151
7.99002
8.01858
8.04719
8.07586
8.10457
8.13333
8.16215
8.19101
8.21993
8.2489
8.27792
8.30699
8.33611
8.36528
8.3945
8.42378
8.4531
8.48248
8.51191
8.54138
8.57091
8.60049
8.63012
8.6598
8.68954
8.71932
8.74915
8.77904
8.80897
8.83896
8.869
8.89909
8.92923
8.95942
8.98966
9.01995
9.0503
9.08069
9.11114
9.14164
9.17218
9.20278
9.23343
9.26413
9.29488
9.32569
9.35654
9.38744
9.4184
9.4494
9.48046
9.51157
9.54273
9.57394
9.6052
9.63651
9.66787
9.69929
9.73075
9.76227
9.79384
9.82545
9.85712
9.88884
9.92061
9.95243
9.98431
10.0162
10.0482
10.0802
10.1123
10.1444
10.1766
10.2088
10.2411
10.2735
10.3058
10.3383
10.3707
10.4033
10.4359
10.4685
10.5012
10.5339
10.5667
10.5996
10.6325
10.6654
10.6984
10.7314
10.7645
10.7977
10.8309
10.8641
10.8974
10.9308
10.9642
10.9976
11.0311
11.0647
11.0983
11.1319
11.1656
11.1994
11.2332
11.2671
11.301
11.3349
11.369
11.403
11.4371
11.4713
11.5055
11.5398
11.5741
11.6085
11.6429
11.6774
11.7119
11.7465
11.7811
11.8158
11.8505
11.8853
11.9201
11.955
11.9899
12.0249
12.0599
12.095
12.1301
12.1653
12.2005
12.2358
12.2712
12.3066
12.342
12.3775
12.413
12.4486
12.4843
12.52
12.5557
12.5915
12.6273
12.6632
12.6992
12.7352
12.7712
12.8073
12.8435
12.8797
12.916
12.9523
12.9886
13.025
13.0615
13.098
13.1345
13.1712
13.2078
13.2445
13.2813
13.3181
13.355
13.3919
13.4289
13.4659
13.503
13.5401
13.5772
13.6145
13.6517
13.6891
13.7264
13.7639
13.8013
13.8389
13.8765
13.9141
13.9518
13.9895
14.0273
14.0651
14.103
14.1409
14.1789
14.217
14.255
14.2932
14.3314
14.3696
14.4079
14.4463
14.4847
14.5231
14.5616
14.6001
14.6387
14.6774
14.7161
14.7548
14.7936
14.8325
14.8714
14.9104
14.9494
14.9884
15.0275
15.0667
15.1059
15.1452
15.1845
15.2238
15.2632