0.0
0.0
0.0
0.0
72.0
78.0
46.0
55.0
50.0
30.0
37.0
28.0
23.0
25.0
27.0
29.0
31.0
31.0
28.0
38.0
24.0
28.0
49.0
41.0
39.0
44.0
38.0
40.0
25.0
34.0
42.0
36.0
28.0
24.0
33.0
39.0
36.0
37.0
43.0
26.0
38.0
34.0
36.0
31.0
42.0
30.0
35.0
26.0
23.0
29.0
29.0
23.0
30.0
31.0
27.0
26.0
21.0
37.0
19.0
23.0
19.0
27.0
28.0
16.0
24.0
23.0
28.0
20.0
25.0
31.0
36.0
38.0
39.0
36.0
38.0
39.0
40.0
51.0
33.0
41.0
36.0
24.0
39.0
29.0
25.0
17.0
31.0
23.0
34.0
20.0
24.0
22.0
23.0
24.0
25.0
21.0
28.0
17.0
31.0
16.0
25.0
19.0
17.0
19.0
16.0
25.0
12.0
20.0
19.0
17.0
21.0
21.0
13.0
22.0
15.0
23.0
24.0
20.0
15.0
24.0
11.0
21.0
18.0
14.0
17.0
24.0
26.0
19.0
10.0
17.0
11.0
19.0
24.0
12.0
16.0
14.0
14.0
12.0
18.0
20.0
17.0
29.0
15.0
20.0
13.0
15.0
22.0
13.0
17.0
15.0
19.0
21.0
21.0
15.0
19.0
15.0
15.0
20.0
26.0
25.0
24.0
45.0
44.0
33.0
33.0
35.0
46.0
34.0
34.0
31.0
22.0
30.0
21.0
27.0
22.0
20.0
29.0
24.0
30.0
17.0
20.0
18.0
18.0
20.0
16.0
15.0
15.0
19.0
22.0
30.0
29.0
43.0
80.0
128.0
454.0
2027.0
4936.0
5975.0
6004.0
5472.0
4748.0
2536.0
644.0
80.0
34.0
26.0
30.0
19.0
30.0
30.0
25.0
20.0
18.0
19.0
32.0
23.0
21.0
22.0
16.0
19.0
24.0
15.0
24.0
18.0
23.0
21.0
22.0
25.0
21.0
21.0
25.0
20.0
25.0
20.0
20.0
25.0
28.0
27.0
20.0
16.0
23.0
20.0
26.0
31.0
18.0
24.0
19.0
15.0
31.0
18.0
20.0
28.0
12.0
16.0
24.0
23.0
27.0
19.0
25.0
17.0
20.0
15.0
19.0
20.0
21.0
29.0
27.0
16.0
16.0
18.0
17.0
15.0
18.0
26.0
22.0
30.0
36.0
65.0
127.0
132.0
132.0
145.0
118.0
91.0
54.0
27.0
18.0
19.0
15.0
25.0
21.0
23.0
25.0
20.0
22.0
11.0
19.0
30.0
14.0
19.0
19.0
16.0
16.0
23.0
21.0
15.0
12.0
22.0
22.0
18.0
14.0
14.0
16.0
22.0
23.0
14.0
23.0
14.0
16.0
20.0
21.0
26.0
17.0
13.0
18.0
24.0
12.0
18.0
21.0
19.0
20.0
21.0
20.0
22.0
20.0
24.0
29.0
27.0
18.0
14.0
20.0
19.0
11.0
18.0
17.0
17.0
13.0
23.0
18.0
16.0
24.0
22.0
15.0
26.0
17.0
24.0
15.0
25.0
11.0
25.0
26.0
22.0
19.0
22.0
17.0
24.0
22.0
25.0
25.0
18.0
26.0
24.0
12.0
19.0
21.0
21.0
18.0
22.0
26.0
20.0
29.0
26.0
22.0
32.0
28.0
17.0
18.0
29.0
17.0
23.0
23.0
19.0
17.0
15.0
16.0
27.0
26.0
17.0
14.0
17.0
18.0
24.0
22.0
20.0
19.0
28.0
19.0
24.0
28.0
21.0
18.0
25.0
14.0
25.0
20.0
15.0
14.0
16.0
14.0
21.0
23.0
17.0
29.0
14.0
18.0
20.0
23.0
16.0
28.0
23.0
20.0
25.0
22.0
27.0
20.0
21.0
22.0
16.0
17.0
28.0
26.0
22.0
17.0
22.0
25.0
17.0
29.0
28.0
26.0
17.0
20.0
23.0
25.0
21.0
23.0
18.0
21.0
26.0
26.0
19.0
28.0
30.0
21.0
28.0
16.0
15.0
30.0
28.0
23.0
22.0
24.0
33.0
27.0
24.0
30.0
32.0
33.0
35.0
33.0
28.0
43.0
32.0
38.0
41.0
36.0
45.0
44.0
33.0
30.0
29.0
25.0
37.0
16.0
44.0
32.0
36.0
33.0
40.0
35.0
46.0
34.0
35.0
44.0
25.0
28.0
50.0
34.0
31.0
29.0
37.0
38.0
30.0
32.0
26.0
34.0
31.0
32.0
38.0
36.0
30.0
33.0
42.0
42.0
44.0
46.0
37.0
33.0
29.0
44.0
38.0
47.0
36.0
40.0
40.0
30.0
38.0
28.0
36.0
40.0
37.0
34.0
40.0
32.0
30.0
35.0
30.0
38.0
44.0
40.0
48.0
48.0
45.0
40.0
38.0
45.0
40.0
34.0
45.0
42.0
33.0
45.0
38.0
33.0
32.0
43.0
30.0
34.0
29.0
29.0
36.0
31.0
27.0
36.0
35.0
32.0
32.0
24.0
31.0
29.0
31.0
30.0
25.0
34.0
31.0
22.0
28.0
15.0
27.0
24.0
23.0
14.0
30.0
21.0
24.0
17.0
30.0
31.0
22.0
20.0
35.0
28.0
15.0
33.0
23.0
29.0
29.0
34.0
33.0
28.0
27.0
32.0
27.0
20.0
35.0
44.0
33.0
21.0
24.0
23.0
27.0
27.0
20.0
22.0
29.0
16.0
20.0
27.0
15.0
25.0
30.0
36.0
22.0
21.0
30.0
22.0
27.0
28.0
38.0
29.0
19.0
25.0
23.0
23.0
33.0
47.0
47.0
46.0
52.0
64.0
62.0
58.0
60.0
58.0
68.0
54.0
64.0
48.0
47.0
33.0
48.0
28.0
48.0
29.0
35.0
31.0
38.0
37.0
31.0
35.0
29.0
42.0
37.0
51.0
53.0
95.0
138.0
179.0
346.0
535.0
762.0
965.0
1158.0
1402.0
1559.0
1688.0
1755.0
1687.0
1624.0
1343.0
1226.0
967.0
781.0
636.0
471.0
301.0
167.0
98.0
71.0
48.0
41.0
47.0
55.0
64.0
121.0
161.0
306.0
453.0
619.0
661.0
783.0
843.0
1003.0
1106.0
1152.0
1213.0
1145.0
962.0
864.0
707.0
666.0
546.0
442.0
352.0
170.0
96.0
68.0
58.0
48.0
64.0
61.0
107.0
214.0
395.0
667.0
839.0
862.0
933.0
1008.0
1023.0
1175.0
1173.0
1247.0
1149.0
1019.0
907.0
867.0
749.0
741.0
632.0
535.0
300.0
152.0
85.0
43.0
29.0
36.0
36.0
37.0
42.0
44.0
29.0
46.0
39.0
31.0
46.0
35.0
35.0
34.0
47.0
37.0
38.0
34.0
42.0
