0.000103583
0.000231802
0.000410975
0.000641102
0.000922182
0.00125422
0.0016372
0.00207115
0.00255604
0.00309189
0.00367869
0.00431645
0.00500516
0.00574483
0.00653544
0.00737702
0.00826954
0.00921302
0.0102075
0.0112528
0.0123492
0.0134965
0.0146947
0.0159439
0.0172441
0.0185952
0.0199973
0.0214503
0.0229542
0.0245092
0.0261151
0.0277719
0.0294797
0.0312384
0.0330481
0.0349088
0.0368204
0.0387829
0.0407964
0.0428609
0.0449763
0.0471427
0.04936
0.0516283
0.0539475
0.0563177
0.0587388
0.0612109
0.063734
0.066308
0.0689329
0.0716088
0.0743357
0.0771135
0.0799423
0.082822
0.0857527
0.0887343
0.0917669
0.0948504
0.0979849
0.10117
0.104407
0.107694
0.111032
0.114422
0.117862
0.121353
0.124895
0.128488
0.132132
0.135827
0.139573
0.14337
0.147218
0.151117
0.155067
0.159067
0.163119
0.167222
0.171375
0.17558
0.179835
0.184142
0.188499
0.192907
0.197367
0.201877
0.206438
0.21105
0.215713
0.220427
0.225192
0.230008
0.234875
0.239793
0.244762
0.249782
0.254852
0.259974
0.265147
0.27037
0.275645
0.28097
0.286347
0.291774
0.297253
0.302782
0.308362
0.313993
0.319676
0.325409
0.331193
0.337028
0.342914
0.348851
0.354839
0.360878
0.366967
0.373108
0.3793
0.385543
0.391836
0.398181
0.404576
0.411023
0.41752
0.424069
0.430668
0.437318
0.44402
0.450772
0.457575
0.464429
0.471334
0.47829
0.485297
0.492355
0.499464
0.506624
0.513835
0.521096
0.528409
0.535773
0.543187
0.550653
0.558169
0.565737
0.573355
0.581025
0.588745
0.596516
0.604339
0.612212
0.620136
0.628111
0.636137
0.644214
0.652342
0.660521
0.668751
0.677032
0.685363
0.693746
0.70218
0.710664
0.7192
0.727787
0.736424
0.745113
0.753852
0.762642
0.771484
0.780376
0.789319
0.798313
0.807358
0.816455
0.825602
0.8348
0.844049
0.853348
0.862699
0.872101
0.881554
0.891058
0.900612
0.910218
0.919874
0.929582
0.93934
0.94915
0.95901
0.968922
0.978884
0.988897
0.998961
1.00908
1.01924
1.02946
1.03973
1.05005
1.06042
1.07084
1.08131
1.09183
1.10241
1.11303
1.12371
1.13443
1.14521
1.15604
1.16692
1.17785
1.18883
1.19986
1.21095
1.22208
1.23327
1.2445
1.25579
1.26713
1.27852
1.28996
1.30145
1.31299
1.32458
1.33622
1.34792
1.35967
1.37146
1.38331
1.39521
1.40716
1.41916
1.43121
1.44331
1.45547
1.46767
1.47992
1.49223
1.50459
1.517
1.52946
1.54197
1.55453
1.56714
1.5798
1.59251
1.60528
1.6181
1.63096
1.64388
1.65685
1.66987