0.0
0.0
0.0
0.0
72.0
78.0
46.0
55.0
50.0
30.0
37.0
28.0
23.0
25.0
27.0
29.0
31.0
31.0
28.0
38.0
24.0
28.0
49.0
41.0
39.0
44.0
38.0
40.0
25.0
34.0
42.0
36.0
28.0
24.0
33.0
39.0
36.0
37.0
43.0
26.0
38.0
34.0
36.0
31.0
42.0
30.0
35.0
26.0
23.0
29.0
29.0
23.0
30.0
31.0
27.0
26.0
21.0
37.0
19.0
23.0
19.0
27.0
28.0
16.0
24.0
23.0
28.0
20.0
25.0
31.0
36.0
38.0
39.0
36.0
38.0
39.0
40.0
51.0
33.0
41.0
36.0
24.0
39.0
29.0
25.0
17.0
31.0
23.0
34.0
20.0
24.0
22.0
23.0
24.0
25.0
21.0
28.0
17.0
31.0
16.0
25.0
19.0
17.0
19.0
16.0
25.0
12.0
20.0
19.0
17.0
21.0
21.0
13.0
22.0
15.0
23.0
24.0
20.0
15.0
24.0
11.0
21.0
18.0
14.0
17.0
24.0
26.0
19.0
10.0
17.0
11.0
19.0
24.0
12.0
16.0
14.0
14.0
12.0
18.0
20.0
17.0
29.0
15.0
20.0
13.0
15.0
22.0
13.0
17.0
15.0
19.0
21.0
21.0
15.0
19.0
15.0
15.0
20.0
26.0
25.0
24.0
45.0
44.0
33.0
33.0
35.0
46.0
34.0
34.0
31.0
22.0
30.0
21.0
27.0
22.0
20.0
29.0
24.0
30.0
17.0
20.0
18.0
18.0
20.0
16.0
15.0
15.0
19.0
22.0
30.0
29.0
43.0
80.0
128.0
454.0
2027.0
4936.0
5975.0
6004.0
5472.0
4748.0
2536.0
644.0
80.0
34.0
26.0
30.0
19.0
30.0
30.0
25.0
20.0
18.0
19.0
32.0
23.0
21.0
22.0
16.0
19.0
24.0
15.0
24.0
18.0
23.0
21.0
22.0
25.0
21.0
21.0
25.0
20.0
25.0
20.0
20.0
25.0
28.0
27.0
20.0
16.0
23.0
20.0
26.0
31.0
18.0
24.0
19.0
15.0
31.0
18.0
20.0
28.0
12.0
16.0
24.0
